          36           1  0.2250000    
          35           1  0.2250000    
          34           1  0.2250000    
          33           1  0.2250000    
          32           1  0.2250000    
          31           1  0.2250000    
          30           1  0.2250000    
          29           1  0.2250000    
          28           1  0.2250000    
          27           1  0.2250000    
          26           1  0.2124651    
          25           1  0.1998741    
          24           1  0.1871727    
          23           1  0.1743102    
          22           1  0.1612410    
          21           1  0.1479263    
          20           1  0.1343349    
          19           1  0.1204448    
          18           1  0.1062434    
          17           1  9.1728196E-02
          16           1  7.6906756E-02
          15           1  6.1796475E-02
          14           1  4.6424035E-02
          13           1  3.0824553E-02
          12           1  1.5040436E-02
          11           1 -8.7997300E-04
          10           1 -2.7272729E-02
           9           1 -5.4545458E-02
           8           1 -8.1818186E-02
           7           1 -0.1090909    
           6           1 -0.1363636    
           5           1 -0.1636364    
           4           1 -0.1909091    
           3           1 -0.2181818    
           2           1 -0.2454545    
           1           1 -0.2727273    
          36           2  0.2250000    
          35           2  0.2250000    
          34           2  0.2250000    
          33           2  0.2250000    
          32           2  0.2250000    
          31           2  0.2250000    
          30           2  0.2250000    
          29           2  0.2250000    
          28           2  0.2250000    
          27           2  0.2250000    
          26           2  0.2141672    
          25           2  0.2032236    
          24           2  0.1920619    
          23           2  0.1805820    
          22           2  0.1686939    
          21           2  0.1563206    
          20           2  0.1434009    
          19           2  0.1298911    
          18           2  0.1157664    
          17           2  0.1010218    
          16           2  8.5672244E-02
          15           2  6.9752119E-02
          14           2  5.3314146E-02
          13           2  3.6427673E-02
          12           2  1.9176474E-02
          11           2  1.6560473E-03
          10           2 -2.7272729E-02
           9           2 -5.4545458E-02
           8           2 -8.1818186E-02
           7           2 -0.1090909    
           6           2 -0.1363636    
           5           2 -0.1636364    
           4           2 -0.1909091    
           3           2 -0.2181818    
           2           2 -0.2454545    
           1           2 -0.2727273    
          36           3  0.2250000    
          35           3  0.2250000    
          34           3  0.2250000    
          33           3  0.2250000    
          32           3  0.2250000    
          31           3  0.2250000    
          30           3  0.2250000    
          29           3  0.2250000    
          28           3  0.2250000    
          27           3  0.2250000    
          26           3  0.2157844    
          25           3  0.2064061    
          24           3  0.1967074    
          23           3  0.1865411    
          22           3  0.1757751    
          21           3  0.1642964    
          20           3  0.1520149    
          19           3  0.1388664    
          18           3  0.1248145    
          17           3  0.1098519    
          16           3  9.4000608E-02
          15           3  7.7311039E-02
          14           3  5.9860658E-02
          13           3  4.1751370E-02
          12           3  2.3106253E-02
          11           3  4.0656007E-03
          10           3 -2.7272729E-02
           9           3 -5.4545458E-02
           8           3 -8.1818186E-02
           7           3 -0.1090909    
           6           3 -0.1363636    
           5           3 -0.1636364    
           4           3 -0.1909091    
           3           3 -0.2181818    
           2           3 -0.2454545    
           1           3 -0.2727273    
          36           4  0.2250000    
          35           4  0.2250000    
          34           4  0.2250000    
          33           4  0.2250000    
          32           4  0.2250000    
          31           4  0.2250000    
          30           4  0.2250000    
          29           4  0.2250000    
          28           4  0.2250000    
          27           4  0.2250000    
          26           4  0.2172769    
          25           4  0.2093431    
          24           4  0.2009946    
          23           4  0.1920407    
          22           4  0.1823103    
          21           4  0.1716571    
          20           4  0.1599646    
          19           4  0.1471495    
          18           4  0.1331649    
          17           4  0.1180012    
          16           4  0.1016868    
          15           4  8.4287085E-02
          14           4  6.5902375E-02
          13           4  4.6664566E-02
          12           4  2.6733011E-02
          11           4  6.2893550E-03
          10           4 -2.7272729E-02
           9           4 -5.4545458E-02
           8           4 -8.1818186E-02
           7           4 -0.1090909    
           6           4 -0.1363636    
           5           4 -0.1636364    
           4           4 -0.1909091    
           3           4 -0.2181818    
           2           4 -0.2454545    
           1           4 -0.2727273    
          36           5  0.2250000    
          35           5  0.2250000    
          34           5  0.2250000    
          33           5  0.2250000    
          32           5  0.2250000    
          31           5  0.2250000    
          30           5  0.2250000    
          29           5  0.2250000    
          28           5  0.2250000    
          27           5  0.2250000    
          26           5  0.2186080    
          25           5  0.2119625    
          24           5  0.2048181    
          23           5  0.1969454    
          22           5  0.1881386    
          21           5  0.1782216    
          20           5  0.1670543    
          19           5  0.1545367    
          18           5  0.1406120    
          17           5  0.1252689    
          16           5  0.1085415    
          15           5  9.0508506E-02
          14           5  7.1290530E-02
          13           5  5.1046275E-02
          12           5  2.9967444E-02
          11           5  8.2725557E-03
          10           5 -2.7272729E-02
           9           5 -5.4545458E-02
           8           5 -8.1818186E-02
           7           5 -0.1090909    
           6           5 -0.1363636    
           5           5 -0.1636364    
           4           5 -0.1909091    
           3           5 -0.2181818    
           2           5 -0.2454545    
           1           5 -0.2727273    
          36           6  0.2250000    
          35           6  0.2250000    
          34           6  0.2250000    
          33           6  0.2250000    
          32           6  0.2250000    
          31           6  0.2250000    
          30           6  0.2250000    
          29           6  0.2250000    
          28           6  0.2250000    
          27           6  0.2250000    
          26           6  0.2197449    
          25           6  0.2141996    
          24           6  0.2080836    
          23           6  0.2011344    
          22           6  0.1931164    
          21           6  0.1838282    
          20           6  0.1731096    
          19           6  0.1608459    
          18           6  0.1469724    
          17           6  0.1314761    
          16           6  0.1143960    
          15           6  9.5822103E-02
          14           6  7.5892448E-02
          13           6  5.4788612E-02
          12           6  3.2729913E-02
          11           6  9.9663697E-03
          10           6 -2.7272729E-02
           9           6 -5.4545458E-02
           8           6 -8.1818186E-02
           7           6 -0.1090909    
           6           6 -0.1363636    
           5           6 -0.1636364    
           4           6 -0.1909091    
           3           6 -0.2181818    
           2           6 -0.2454545    
           1           6 -0.2727273    
          36           7  0.2250000    
          35           7  0.2250000    
          34           7  0.2250000    
          33           7  0.2250000    
          32           7  0.2250000    
          31           7  0.2250000    
          30           7  0.2250000    
          29           7  0.2250000    
          28           7  0.2250000    
          27           7  0.2250000    
          26           7  0.2206595    
          25           7  0.2159995    
          24           7  0.2107109    
          23           7  0.2045046    
          22           7  0.1971211    
          21           7  0.1883389    
          20           7  0.1779812    
          19           7  0.1659218    
          18           7  0.1520896    
          17           7  0.1364700    
          16           7  0.1191061    
          15           7  0.1000970    
          14           7  7.9594821E-02
          13           7  5.7799421E-02
          12           7  3.4952395E-02
          11           7  1.1329088E-02
          10           7 -2.7272729E-02
           9           7 -5.4545458E-02
           8           7 -8.1818186E-02
           7           7 -0.1090909    
           6           7 -0.1363636    
           5           7 -0.1636364    
           4           7 -0.1909091    
           3           7 -0.2181818    
           2           7 -0.2454545    
           1           7 -0.2727273    
          36           8  0.2250000    
          35           8  0.2250000    
          34           8  0.2250000    
          33           8  0.2250000    
          32           8  0.2250000    
          31           8  0.2250000    
          30           8  0.2250000    
          29           8  0.2250000    
          28           8  0.2250000    
          27           8  0.2250000    
          26           8  0.2213294    
          25           8  0.2173177    
          24           8  0.2126351    
          23           8  0.2069729    
          22           8  0.2000543    
          21           8  0.1916426    
          20           8  0.1815492    
          19           8  0.1696395    
          18           8  0.1558374    
          17           8  0.1401275    
          16           8  0.1225558    
          15           8  0.1032280    
          14           8  8.2306474E-02
          13           8  6.0004570E-02
          12           8  3.6580164E-02
          11           8  1.2327159E-02
          10           8 -2.7272729E-02
           9           8 -5.4545458E-02
           8           8 -8.1818186E-02
           7           8 -0.1090909    
           6           8 -0.1363636    
           5           8 -0.1636364    
           4           8 -0.1909091    
           3           8 -0.2181818    
           2           8 -0.2454545    
           1           8 -0.2727273    
          36           9  0.2250000    
          35           9  0.2250000    
          34           9  0.2250000    
          33           9  0.2250000    
          32           9  0.2250000    
          31           9  0.2250000    
          30           9  0.2250000    
          29           9  0.2250000    
          28           9  0.2250000    
          27           9  0.2250000    
          26           9  0.2217380    
          25           9  0.2181219    
          24           9  0.2138089    
          23           9  0.2084786    
          22           9  0.2018436    
          21           9  0.1936579    
          20           9  0.1837257    
          19           9  0.1719074    
          18           9  0.1581237    
          17           9  0.1423587    
          16           9  0.1246602    
          15           9  0.1051380    
          14           9  8.3960637E-02
          13           9  6.1349761E-02
          12           9  3.7573136E-02
          11           9  1.2936003E-02
          10           9 -2.7272729E-02
           9           9 -5.4545458E-02
           8           9 -8.1818186E-02
           7           9 -0.1090909    
           6           9 -0.1363636    
           5           9 -0.1636364    
           4           9 -0.1909091    
           3           9 -0.2181818    
           2           9 -0.2454545    
           1           9 -0.2727273    
          36          10  0.2250000    
          35          10  0.2250000    
          34          10  0.2250000    
          33          10  0.2250000    
          32          10  0.2250000    
          31          10  0.2250000    
          30          10  0.2250000    
          29          10  0.2250000    
          28          10  0.2250000    
          27          10  0.2250000    
          26          10  0.2218753    
          25          10  0.2183921    
          24          10  0.2142034    
          23          10  0.2089847    
          22          10  0.2024449    
          21          10  0.1943352    
          20          10  0.1844572    
          19          10  0.1726696    
          18          10  0.1588921    
          17          10  0.1431086    
          16          10  0.1253675    
          15          10  0.1057800    
          14          10  8.4516592E-02
          13          10  6.1801866E-02
          12          10  3.7906867E-02
          11          10  1.3140630E-02
          10          10 -2.7272729E-02
           9          10 -5.4545458E-02
           8          10 -8.1818186E-02
           7          10 -0.1090909    
           6          10 -0.1363636    
           5          10 -0.1636364    
           4          10 -0.1909091    
           3          10 -0.2181818    
           2          10 -0.2454545    
           1          10 -0.2727273    
